tsim = 6.0000e-02
td = 1.0000e-06
points = 9999999
swinit = [ 0    0     ]
x0 = [ 0.0000e+00       
       0.0000e+00       
       0.0000e+00       
       0.0000e+00      ]
tmd = [ 0.0000e+00     2.5000e-05     1   2    ]
Cy = [ 0.0000e+00     1.0000e+00     0.0000e+00     0.0000e+00     0.0000e+00       
       0.0000e+00     -1.0000e+00    0.0000e+00     0.0000e+00     0.0000e+00       
       0.0000e+00     0.0000e+00     0.0000e+00     0.0000e+00     1.0000e+00      ]
Ct = [ 0.0000e+00     0.0000e+00     0.0000e+00     0.0000e+00       
       0.0000e+00     0.0000e+00     0.0000e+00     0.0000e+00       
       0.0000e+00     0.0000e+00     -2.0000e+05    0.0000e+00      ]
Csw = [ 1     
        1     
        1    ]
Cc = [ 0.0000e+00       
       0.0000e+00       
       0.0000e+00      ]
thon(1,:)=[  1   2];
thoff(1,:)=[  1   1];
thoff(2,:)=[  2   3];
% Circuit name : C:\Users\josho\iCloudDrive\Desktop\ECE 317\Labs\Lab 5\ECE_317_LAB5_Circuit5

% Circuit Description
X = [ 'V1        5   0   1.0000e+01                 '   % V1
      'V01       1   2   0.0000e+00                 '   % IP1
      'D1        0   2   0.0000e+00                 '   % D1
      'I01       2   0   0.0000e+00                 '   % VP1
      'L1        2   3   5.6000e-04                 '   % L1
      'R1        9   3   2.3000e-01                 '   % R1
      'C1        0   9   1.0000e-04                 '   % C1
      'R2        9   4   5.0000e+00                 '   % R2
      'R3        4   0   2.0000e+01                 '   % R3
      'I02       9   0   0.0000e+00                 '   % VP2
      'S1        5   1   0.0000e+00                 '   % SW1
      'Ri1       7   8   1.0000e+06                 '  
      'Eo1       11  0   1.0000e+04     Ri1         '  
      'Ro1       11  6   5.0000e+01                 '  
      'C2        8   6   2.2000e-08                 '   % C2
      'R4        10  8   1.0000e+05                 '   % R4
      'R5        9   10  1.0000e+03                 '   % R5
      'C3        9   0   1.0000e-06                 '   % C3
      'R6        10  0   1.0000e+03                 '   % R6
      'V2        7   0   2.5000e+00                 '   % V2
      'I03       6   0   0.0000e+00                 ' ]

% Output Description
Y = [ 'I         V01                                '   % IP1
      'I         D1                                 '  
      'V         I01                                '   % VP1
      'V         I02                                '   % VP2
      'V         I03                                ' ]

% Number of nodes
numn = 12;
